8.064030	18.065580	625402.428900	6461220.127799
1.681394	19.020266	595728.162100	6469839.267999
12.810704	2.426929	656207.948100	6388946.253699
10.329608	2.988470	643308.381800	6388723.286999
17.449950	4.945625	681937.448900	6401565.868799
18.601838	2.318979	684369.569900	6392435.212999
16.355786	4.205225	675641.944100	6398193.921899
15.783208	5.147623	673299.924500	6402429.099399
16.074438	5.082345	673964.892000	6402734.358799
14.366191	5.411705	665746.791100	6403466.879499
15.509384	6.461622	670992.009300	6407838.652699
16.378689	6.383091	674503.111000	6408563.987299
13.041561	5.797187	657816.775800	6403240.950199
13.186671	3.907917	659395.433700	6395043.880099
21.637910	4.979085	699914.760200	6403323.884099
20.962247	5.470949	694558.652500	6405316.430999
18.354125	5.307809	684897.896900	6404729.296599
17.490579	6.138150	680005.487300	6408439.981899
15.824493	7.854709	670992.177800	6415822.232399
15.380982	8.041345	667798.671400	6415610.961599
18.074322	6.807636	682010.565800	6411554.090199
17.704625	7.710763	677864.139100	6415847.070699
23.299321	10.994803	705433.656500	6433720.679099
19.583588	8.699917	688835.781000	6421574.831799
21.496073	10.472573	690779.105100	6427378.896999
21.191336	10.343339	690015.469600	6427221.337199
20.953483	10.432297	689844.342900	6427440.715799
23.461196	13.067901	703536.363600	6445368.376799
23.559902	12.688822	703409.873600	6444784.621299
21.156209	15.772452	691838.827200	6455992.717499
23.460718	15.656769	702019.013600	6457984.505799
20.206289	15.035259	687793.247500	6451115.015099
18.780300	12.327652	686732.570600	6436014.804299
18.362349	11.671402	682526.781700	6434964.932999
17.148006	11.844112	676203.995700	6434148.010299
17.880414	12.508817	680424.981100	6438836.724399
18.216882	10.195104	680637.944400	6428325.045299
17.646721	10.360714	677627.661000	6429177.428899
17.819922	9.592253	679629.100800	6425635.146899
16.628177	11.016290	672579.954700	6430730.021699
16.890281	10.030671	673896.373400	6426184.289099
16.037647	9.332166	668957.730200	6422572.853699
18.048431	8.621201	678938.948100	6420826.340399
14.270684	8.357390	661515.184900	6418651.374699
11.826846	8.219391	649610.484800	6416410.339099
12.170869	8.582177	651151.655600	6418148.739099
13.127633	8.272409	654789.746600	6416310.752699
12.282421	9.158187	650930.900700	6421586.556999
9.871868	9.830917	640495.330600	6425227.500199
9.492765	2.991040	639904.883800	6389771.168099
9.696389	2.676596	639714.728300	6387008.972999
8.946576	3.422274	637228.649400	6392195.941199
8.817994	4.246635	635476.890000	6397027.121299
9.013999	5.576089	637128.584900	6403941.198999
9.757462	5.621210	641570.219200	6403546.581199
8.054338	6.034462	631638.198500	6404536.997899
7.160437	7.739407	628096.450100	6413982.389999
6.647029	7.036620	625504.413900	6410666.884399
6.804383	7.898551	625657.803000	6414471.812399
8.672295	7.781049	634231.354500	6412152.363799
6.124463	9.251324	622084.479200	6420214.346999
8.032424	8.466588	633333.991900	6416255.042099
6.854114	9.599157	625788.112300	6421967.266499
9.207879	9.395439	638124.008500	6423124.947499
8.623988	10.138232	634497.811500	6425949.998599
8.201205	10.226178	631799.732700	6424438.212599
8.051500	8.570470	633542.195900	6417312.612899
8.382801	9.332100	635183.174100	6420090.393199
10.960017	10.511847	644737.051900	6426514.965899
8.436163	11.208082	630861.031100	6430643.959699
8.952440	11.592278	634261.693100	6431146.070499
8.006186	12.449669	630109.974000	6436873.861299
8.296463	12.204670	631754.256200	6435578.461499
9.843276	12.334599	639709.867800	6435529.306799
8.125588	11.589486	630329.763300	6431936.380499
7.433960	10.918592	623216.582100	6431516.826099
5.100107	10.688746	615767.828800	6426833.393499
6.059035	10.099128	620697.458900	6424709.426599
6.375982	10.806357	620576.073700	6429077.823099
4.468628	10.419778	612930.405000	6423865.842899
4.150098	10.237689	610596.845700	6422920.107599
4.554239	10.861754	613215.550300	6428109.996299
5.271838	12.706300	613419.980000	6436637.278399
5.303441	11.421279	619982.618900	6431109.688099
4.479758	11.474166	611162.745400	6429766.126599
4.466816	12.834579	610681.824500	6436995.584299
2.684627	11.006069	603062.361600	6423825.388799
4.694210	9.384251	613842.751700	6419833.238799
5.641445	13.253904	616506.869500	6439511.663999
4.682671	13.584525	611876.105900	6441002.083899
8.009566	13.560356	629860.390600	6441780.701199
4.559070	11.760507	611323.780800	6431999.925399
1.951704	11.644083	598482.325700	6429180.904499
0.841150	14.084178	593319.487200	6442569.752599
2.729831	15.008695	600915.861000	6448686.014099
1.905307	15.107109	597085.512900	6449330.016999
5.282128	14.055665	615618.467000	6445292.637299
3.666297	14.543293	606096.999100	6446206.135099
3.877558	13.775021	608344.666600	6443482.810999
1.583451	16.867925	594395.039100	6457645.936699
3.800926	15.946967	607211.682100	6455749.936599
4.678910	16.455029	611033.351700	6456293.006399
2.555834	17.192939	599277.476000	6460697.334899
1.074477	17.243206	592986.434500	6460248.156199
1.705686	17.237346	595302.146200	6459951.542599
1.093846	19.173122	593274.081300	6470190.485899
8.474534	18.049125	627856.306100	6463348.873599
10.593445	19.308143	638219.668300	6469744.300599
10.427563	19.138273	638183.259000	6469248.594599
11.371200	19.337792	641917.691100	6471953.095399
11.426977	18.955768	642413.541100	6470037.552099
10.085254	17.434498	636182.017300	6461072.043799
8.456689	16.839636	630172.369000	6457544.648399
9.162477	16.449217	634837.926700	6456565.361299
9.433556	16.628931	635969.645800	6456333.756799
8.210032	15.744701	629698.034500	6452091.788299
8.661672	15.279910	632446.033300	6450644.645299
9.074598	15.119131	636147.725300	6450294.580399
9.244855	15.267214	636865.894500	6450961.176299
10.073465	15.820240	641107.111800	6451528.616899
8.364300	14.400959	631903.337800	6446853.991799
8.291450	14.609667	631172.379200	6448126.483599
10.079916	14.656632	640395.148400	6446297.056499
9.600019	14.226332	637535.145300	6444005.924999
8.169981	12.811219	630224.668300	6438411.227899
11.540235	13.531908	646427.013100	6440912.986099
11.324534	14.452480	645882.008400	6444592.802199
13.047181	13.736395	653842.934100	6442873.023499
13.763906	13.370771	655870.582200	6441288.309399
11.550818	12.536653	647632.250900	6438277.226099
11.542080	11.951601	647118.816400	6435282.753299
12.123161	12.184676	649569.430700	6437200.049999
12.552428	13.837425	651401.732200	6442824.226499
11.041793	11.985183	645476.969600	6436620.969999
12.168970	11.143837	648634.908800	6430059.567999
13.463123	11.717771	657670.030500	6433190.073099
13.029747	11.671806	654800.025900	6432349.974899
12.340527	10.563561	652129.618700	6428632.258699
13.699695	10.274520	656415.794100	6427854.852399
14.008278	9.958995	659769.945300	6424215.949899
14.775846	11.377539	661928.712700	6432240.939599
14.810760	10.959695	663242.689200	6430085.437399
15.092050	10.612935	664929.886200	6429892.833399
13.184249	9.253474	656130.655800	6422759.030899
15.517624	9.497668	666209.264600	6422165.112699
15.191602	11.470983	664720.666300	6433432.867699
15.341846	11.777145	665846.424500	6435698.120899
15.620210	12.122555	668918.120300	6437447.938999
16.386087	12.001513	672218.659400	6435614.375899
15.980829	13.262334	667077.459600	6440301.815699
15.781639	13.530804	666276.293400	6442145.851199
15.874027	13.005718	668350.218400	6440496.327099
17.153324	12.690143	675038.037400	6439716.680199
16.470225	14.699464	669869.336800	6446943.770599
18.229085	14.566890	677358.646400	6447844.346099
17.112324	15.137201	672526.993300	6450904.958899
15.377665	15.471689	662899.460300	6450825.848199
14.266768	14.549617	658839.978300	6445700.023699
14.832448	14.880090	657247.799300	6448540.374099
12.782883	15.497471	650022.421900	6451925.953299
14.369228	15.325469	655104.833500	6451289.032299
13.425553	15.892433	651882.024900	6454031.991499
15.716339	16.126482	664428.882700	6455349.734399
14.842581	16.274233	659809.997300	6456522.992099
14.411628	16.632361	658261.210800	6458220.897799
12.770520	16.961943	649040.652300	6461583.247199
13.051783	16.652439	651146.028500	6458709.961899
12.492909	16.937520	647906.074000	6461847.164599
13.240617	16.969110	653274.574400	6460102.391099
12.620833	17.056406	648601.624000	6462305.385099
13.714794	19.097024	653040.634900	6471042.615099
14.530010	18.938857	656044.242300	6470977.481499
15.089303	18.108724	659624.798200	6467232.590399
15.248984	18.911044	659912.386100	6471493.807499
15.207427	19.297123	659818.272400	6473315.524299
16.185814	18.426191	664855.052900	6468698.766899
15.971776	18.704036	663278.636000	6469931.289099
16.760357	19.077920	666379.755800	6470561.491099
15.023219	17.705586	659880.998500	6464222.072499
15.088109	17.327366	660498.392100	6462243.008399
15.504801	17.051406	663306.931300	6460283.077299
14.626492	16.615389	658596.272400	6458120.925599
17.071560	19.223370	668723.563400	6472009.266199
17.111116	19.002144	669107.680700	6471238.780099
17.586494	19.385761	672125.646100	6473409.199499
18.004683	18.579583	673724.911200	6467998.377399
18.763658	17.832186	678319.043300	6464391.079899
18.335696	17.489286	676224.683600	6462266.311999
17.929174	17.940178	672711.530300	6464573.603199
23.758745	16.302073	703915.488300	6460502.535899
18.983885	16.239723	680452.044200	6456030.749699
11.876003	17.423021	644424.745700	6464101.420299
