2.039971	-11.054688	453618.865500	6539489.286299
13.183791	-3.060572	507355.659600	6580941.449299
21.968544	-15.251223	555186.342200	6523277.044799
26.455866	-0.957754	573985.075000	6590688.754899
25.880810	-0.920942	571938.656400	6590474.617899
22.569512	-1.386579	557049.428200	6586668.157799
21.813562	-1.025079	552167.758900	6589610.184999
21.474032	-2.012629	550663.258800	6582872.973699
22.148644	-2.871053	553876.124200	6578178.157099
21.524068	-2.678993	550829.904100	6580016.243799
21.952730	-2.479527	552505.977500	6580497.071099
20.868936	-2.911946	547943.634400	6578098.709799
22.081472	-1.593953	553604.192100	6586837.338899
20.371329	-2.223698	544998.054100	6583747.238599
23.518770	-2.593087	561503.758000	6580528.048499
23.940977	-2.762640	565713.692900	6578136.653099
24.231456	-2.215059	565156.637100	6582083.267999
24.720322	-1.981789	567294.739100	6585067.672199
24.500590	-2.201086	567469.855800	6582620.652899
24.414774	-2.351859	566163.279100	6581937.414599
24.097041	-0.908851	563880.056800	6590322.319499
23.981981	-1.413223	562191.105800	6588190.193399
23.124253	-1.184281	557808.810000	6588329.166099
26.715458	-3.002003	576034.108700	6578101.644099
25.475725	-1.747478	570279.214900	6587204.673199
26.341536	-2.387353	573922.074100	6583344.570599
26.213876	-4.219281	571314.209800	6572591.111799
26.951408	-5.556257	574698.573900	6570089.186699
24.565116	-4.113314	564760.886400	6571580.046799
24.707426	-3.870175	565905.931500	6572361.193399
22.609389	-3.841012	555243.067200	6573058.283099
22.944596	-4.753820	557744.830900	6569098.604499
21.268003	-4.983771	549780.292100	6570997.638199
20.191337	-5.561418	542760.771100	6569214.994599
20.343392	-3.943048	544441.464200	6574624.823799
27.115385	-6.055820	575800.175200	6568369.892699
26.381372	-6.501197	571899.668200	6563930.679499
25.937324	-6.761533	569873.796100	6561288.339499
22.409310	-6.162320	555211.848000	6565458.840099
23.192851	-6.814644	556340.374000	6561679.763199
24.876065	-5.915267	563147.718900	6563592.658399
25.436381	-6.308494	566681.064300	6561726.260899
26.599374	-8.148024	575800.725800	6556783.332999
25.285904	-7.935581	568855.620800	6554855.040399
21.943808	-8.566623	553168.816500	6555846.578999
21.572991	-7.668282	551250.178100	6559357.466599
21.137910	-7.571363	548943.172900	6560080.166999
20.635335	-7.701724	546561.735900	6559430.894899
21.909274	-8.887512	554229.396200	6554232.771599
25.349582	-8.940050	571074.367400	6551561.496899
24.372917	-8.997338	566925.560500	6552316.769799
26.718487	-11.042598	580157.604800	6545303.851499
24.814922	-9.571993	569257.961100	6548466.916899
25.184576	-9.475683	570998.732000	6549790.618099
23.862912	-10.577811	564111.945300	6545567.948899
23.560810	-11.705124	562172.818400	6539497.757299
21.686265	-11.053015	552957.547500	6543039.034399
22.256606	-11.235205	554332.966000	6542502.082199
22.476502	-10.553323	555902.947000	6545600.884399
22.434738	-10.061448	557560.469500	6547834.360799
22.823722	-9.644120	558103.662500	6549589.011099
21.957416	-10.068072	554068.889100	6548217.645499
21.265505	-8.922365	549542.444800	6553877.907499
21.266062	-9.304695	551432.614200	6551659.909099
20.718222	-9.545070	547622.387900	6549782.270899
20.931426	-10.023607	548710.133100	6547857.490999
20.146178	-8.538547	544806.731500	6555196.309599
21.305020	-10.484513	551409.250100	6546144.909399
19.558634	-10.818304	542599.073700	6543112.200799
19.769688	-10.966154	543923.209300	6542978.681899
20.179727	-11.347565	545756.878900	6541196.258999
21.064810	-12.243195	550185.843600	6537115.991799
21.406343	-12.647241	553442.883300	6534547.141499
20.874950	-13.211004	550305.899100	6531847.378899
21.425629	-13.697181	553696.301800	6530138.845799
23.891244	-13.713203	563178.356100	6529937.426699
25.055142	-12.412253	570231.189100	6538173.711499
27.112224	-13.213815	583729.950200	6528574.969099
26.862727	-14.755803	581308.472500	6520969.090099
26.836783	-15.958677	582675.039100	6516935.922899
24.077042	-15.540107	565793.882500	6520748.479899
20.239964	-18.069766	547055.765300	6508822.917199
20.059939	-18.452487	545071.703400	6505496.948899
19.933427	-19.016215	543936.245900	6504006.258999
26.556070	-16.779929	579418.085800	6514372.762799
25.763527	-15.376678	573059.445700	6518679.480899
27.094085	-15.197825	583041.262600	6519696.976799
25.604701	-14.071201	576916.327400	6528967.236199
16.349490	-18.918984	529895.648900	6505206.985899
15.740704	-18.567984	525712.509000	6506139.713999
14.760675	-18.198792	521353.656700	6507802.585099
17.886343	-16.255147	536022.275900	6518351.809899
17.517200	-15.930723	534028.780300	6519883.714799
19.471028	-14.470740	543109.812400	6526544.662899
20.311182	-14.019667	546783.014800	6528358.346999
19.676907	-13.117331	543646.020400	6533128.722899
18.725943	-13.031520	537484.497000	6532551.555699
19.301375	-12.315191	542015.506600	6537026.287799
18.780829	-11.162276	539984.441600	6541685.721799
19.008569	-10.346689	538533.964500	6544695.080999
19.218629	-9.268624	537394.337400	6548558.091299
19.188177	-8.673222	539149.639400	6553122.378999
18.335082	-8.447095	536179.606800	6552333.346399
19.994935	-7.965605	543764.056300	6558204.675799
18.785367	-7.876414	537685.206700	6557920.748699
18.660432	-7.493423	536956.049400	6559730.622599
17.707730	-7.440972	532838.641000	6559354.762999
16.697950	-8.382013	526927.871800	6554474.911499
16.920543	-7.754834	528158.345700	6557682.842699
17.127081	-7.560934	529165.445300	6558527.574099
16.325952	-7.231615	525100.832700	6561511.114599
19.873873	-7.603273	542897.141700	6559709.275099
18.615104	-7.891762	531292.502700	6555890.267899
17.330062	-6.064072	529922.626100	6566946.431399
18.020171	-5.201882	533163.028800	6568977.330899
19.753675	-6.036355	540633.552700	6565582.684499
18.415846	-4.749649	535857.865300	6571684.938399
17.588776	-4.741967	531998.101800	6572930.194899
17.574093	-5.323802	531437.815200	6570615.158399
19.083726	-4.702470	537981.155300	6573609.600699
17.856289	-2.301583	532824.732000	6583174.697799
17.117046	-4.011325	529295.504500	6576491.203499
16.643916	-4.506145	526830.183900	6573879.724799
16.447896	-5.028577	526010.921600	6571068.172299
17.055529	-5.137942	528856.449300	6570814.094299
17.490393	-3.932150	532232.054200	6576454.254299
16.462371	-3.704835	525594.412900	6576253.224299
16.115789	-4.251467	525416.448800	6575571.341099
15.336079	-5.115446	520678.881100	6570515.775999
14.970160	-4.832536	518516.857300	6572651.232399
14.287996	-4.477494	513788.354200	6574876.089199
14.568784	-5.222946	516476.750400	6570573.782499
14.298406	-6.232925	514375.610800	6565800.266599
13.810524	-5.121100	512438.908200	6569945.022299
13.148950	-6.257670	508121.243900	6565516.582799
14.266804	-7.236768	515241.495700	6560629.157199
15.811579	-6.878534	522156.185500	6562072.669699
14.375720	-8.679405	516211.700700	6553121.334299
14.663320	-8.994786	517875.200400	6551581.250599
14.074030	-9.090691	514887.448700	6551284.097399
16.067729	-9.713140	524165.120900	6548440.343299
17.228749	-10.166856	530490.767100	6545421.782599
15.344868	-10.242624	521753.669700	6542953.305599
14.886856	-9.689720	519222.792700	6548507.300099
14.397732	-10.285315	514980.925300	6546371.470999
17.784458	-11.298669	532709.246200	6541134.489999
16.236122	-11.849729	525915.388300	6538346.716999
17.800299	-12.248995	530452.073500	6538182.002099
17.269455	-13.198776	530063.115600	6532993.441899
16.104919	-12.897324	525446.276600	6533275.817799
16.525262	-14.206350	526833.564800	6526153.033399
17.088065	-14.492356	530911.016000	6527062.947199
15.314697	-16.149915	522823.994200	6518364.719199
15.816971	-13.714120	524760.315300	6530533.952699
15.408533	-13.540148	522532.210600	6530012.559399
16.949263	-14.682810	530598.270700	6525885.994199
16.980841	-14.923928	531181.946100	6524515.012899
14.307525	-14.049340	517686.553600	6527226.987399
14.606587	-14.362567	518819.439100	6525262.804199
14.413249	-13.197070	517121.223000	6530498.975699
16.318690	-10.535179	526053.804700	6545016.986299
14.573654	-11.423879	515757.635500	6538306.792199
16.057468	-13.329218	525880.038500	6531362.356199
16.802327	-13.813274	528233.370700	6531222.862899
13.860686	-15.514211	515505.741800	6520200.122899
13.054536	-15.308776	512069.939700	6520029.662199
13.531552	-16.447835	514546.352200	6515527.438199
15.343802	-16.957317	523933.203100	6513684.189699
16.018151	-16.839690	527111.934200	6514998.067299
17.794170	-18.985663	536006.222000	6503919.861299
20.073973	-15.214820	546052.847200	6522789.043699
11.188097	-17.972830	501617.305100	6507459.660799
10.965541	-17.844142	500505.945700	6508063.915699
10.729666	-17.600048	499873.578700	6509722.768299
10.812332	-14.397386	500029.033300	6525005.943699
11.421811	-15.026745	503253.808600	6521790.486399
11.244019	-14.925139	502344.082500	6522533.935899
13.956643	-13.270137	513297.087600	6526230.958599
14.546242	-12.447900	516226.839400	6534306.229599
13.901187	-11.979774	512404.920800	6536045.271399
13.564515	-12.300406	511818.487200	6534412.706999
14.789603	-12.097558	516426.271700	6536208.367099
15.478374	-10.975856	522830.219100	6539168.284599
13.792181	-13.084655	512380.361000	6530519.663699
11.630630	-11.888013	502938.307100	6537203.875099
11.577258	-12.842415	504030.000000	6532519.999999
12.458576	-12.978930	507299.057300	6532510.014499
12.105726	-13.199332	506347.078300	6531080.722199
12.015695	-13.512595	505981.430700	6529585.824299
11.788911	-13.096191	504290.849200	6531350.537799
11.970207	-13.880878	505086.266300	6525943.781499
11.683333	-13.925148	504279.962600	6526802.056499
10.042158	-15.464152	496768.534500	6519014.322399
10.244360	-14.579516	497816.972900	6523815.398499
9.747796	-14.054613	494806.981100	6525935.037299
9.707126	-17.582824	494369.968100	6509548.818099
9.004080	-18.215058	490653.482800	6505961.352299
8.473518	-18.512425	488728.526900	6504251.253799
7.894337	-18.671363	486669.142900	6502992.053999
8.268295	-17.783856	489327.309300	6508346.265699
8.255451	-17.420565	490236.588200	6511139.311199
10.550633	-16.640960	498591.230000	6514062.277299
9.475426	-16.062430	492803.058700	6516582.075499
9.557701	-16.350825	493588.254800	6515564.922899
9.914720	-16.476226	494818.203800	6514800.616599
9.241562	-15.682264	490954.379100	6518650.213599
8.715710	-15.536535	488016.846400	6519996.396099
9.182023	-15.408504	490432.710500	6520078.678599
8.902150	-15.053440	488759.581500	6522452.285699
8.513887	-14.773269	487595.144400	6523606.727299
8.607727	-14.610968	488172.478000	6524333.112899
9.232757	-14.049916	491028.271500	6524254.160799
8.866795	-14.087243	488935.561300	6526156.812799
9.118239	-13.628600	491089.650000	6527547.336899
9.560131	-13.335740	493781.518300	6530502.947799
8.432155	-12.171063	487224.746500	6536128.594099
7.913182	-12.184158	485280.486000	6535212.514299
7.979491	-12.513738	485584.221700	6533745.405799
7.852693	-12.664277	484695.193500	6533181.266099
6.852019	-10.503823	478607.615400	6543424.341299
7.665653	-11.661864	482703.810300	6538198.002799
8.632752	-11.893885	487655.227000	6537439.437999
8.443090	-11.469380	486375.545500	6539291.706499
9.671541	-11.676043	492359.839000	6537938.214799
9.364564	-11.400581	490707.318000	6539354.227099
7.191108	-10.248806	480654.910700	6544687.816299
6.234791	-10.611354	475157.603400	6542672.956599
6.020594	-11.324051	474573.290000	6538465.179599
5.864468	-10.907214	472602.935500	6540884.562199
5.224272	-10.600407	469779.661000	6543309.582299
5.472514	-9.400850	471717.203700	6548221.581899
5.559933	-10.211766	471870.940700	6544375.492799
3.725241	-11.089544	462638.300300	6538814.558499
2.472863	-10.902268	456026.998600	6540262.755599
6.540854	-9.856144	476677.955100	6547049.966899
7.122616	-9.680111	479010.452100	6547693.847899
6.505810	-9.401327	476319.357100	6548210.551399
6.057015	-8.138753	473860.432700	6553521.004999
7.867966	-6.342464	481619.788100	6564834.103799
10.004569	-9.617535	493837.486100	6548376.390199
9.478347	-10.288184	490452.570900	6544226.539199
11.679482	-10.024768	502457.072300	6546255.287199
11.338576	-5.849272	499916.513800	6565755.296799
10.200578	-5.162824	492893.579200	6569313.289399
12.951224	-4.537610	506861.767500	6572590.052399
13.680319	-4.265024	510431.546200	6575752.588399
11.681562	-5.801203	501248.065700	6566378.752499
10.881197	-6.695944	496324.710200	6562467.214299
14.241424	-2.889304	513482.452100	6582285.341799
14.656316	-2.630124	516311.909500	6584307.806199
14.795493	-2.459471	516794.187100	6584380.622399
15.896118	-3.159202	523041.692300	6580789.668299
15.730196	-3.501564	522495.279300	6577984.030799
17.294307	-2.381624	530550.051900	6582520.026299
16.994428	-1.052118	529326.646200	6589141.179299
16.174063	-2.827702	523577.711600	6583495.506699
17.993739	-1.156830	534444.526300	6588207.405799
18.850649	-1.268132	537361.583100	6587867.827399
18.151848	-3.798606	534323.062200	6575865.664599
11.470529	-8.986809	501219.929900	6551274.030299
9.846709	-10.560539	492744.309800	6542915.578999
17.470748	-1.178536	531013.959400	6588737.349599
