26.279366	12.667891	738271.010000	6587731.339999
25.790147	13.971200	734177.728600	6595205.245799
10.537375	15.137662	646659.559800	6598752.957999
12.282116	1.971892	663884.199800	6528161.035499
11.839722	1.455508	660224.838400	6525415.763499
10.152809	2.991070	651237.985000	6529870.698999
10.449202	1.624276	653728.337700	6523355.613899
9.384980	3.208090	647222.921700	6530555.743599
9.122723	1.374101	647006.932000	6521981.368399
7.460811	1.449507	634357.284400	6524372.491199
6.813363	2.125488	631727.070200	6525609.291899
3.040273	1.865766	612008.801900	6520472.247099
3.026047	1.361301	613222.848700	6518236.147099
1.435969	1.603042	604157.954300	6524252.028899
0.959170	2.950057	600711.995500	6530288.952699
4.775493	3.078731	621621.439500	6533072.562799
6.676916	2.903568	631025.234500	6530224.173599
5.594077	3.713439	625362.621800	6535238.814199
6.937364	3.892647	633215.238000	6536267.906299
4.344585	3.393433	619372.267300	6534759.615999
3.692428	3.094579	616117.935100	6533188.084599
4.032048	2.782388	617466.130700	6531110.181999
2.130548	2.880406	607685.638600	6530892.836399
2.247609	2.421465	607924.990900	6527756.077699
3.325369	3.304943	613786.334000	6534805.806199
1.158598	3.787126	601078.224400	6536063.656899
1.281298	3.993509	599940.415900	6534483.815399
1.939705	3.621648	605482.869400	6535374.219999
2.309291	3.092630	608614.354300	6532640.258599
3.818079	3.847708	615913.217900	6537389.654599
1.596332	4.279304	602802.156800	6539550.305799
4.016116	3.961641	616828.203100	6537973.541299
3.989580	4.294930	617230.784000	6539976.396599
2.399616	4.893241	607897.701700	6542473.759399
2.159019	5.210140	606972.774300	6544260.097099
1.494012	4.474625	601961.009400	6540565.347799
2.092796	5.969787	606384.314000	6547543.404799
2.991181	5.744387	612450.035500	6546063.136999
2.422355	5.834224	608134.353300	6546745.013499
2.513388	5.739325	607894.119300	6545992.217999
0.767924	6.350761	599005.483900	6551314.247899
2.926140	6.404236	612754.893900	6550552.267499
2.274151	7.270271	605869.596600	6555176.945599
1.354924	7.279642	602297.490500	6553989.817199
1.172221	7.804459	600709.182000	6557171.599799
1.966637	7.938823	605099.314900	6558556.052699
2.137076	8.067198	604614.049600	6559775.909799
4.240985	8.011153	616305.182100	6557169.311999
4.356064	7.444334	617559.971400	6554317.317899
2.832864	8.414405	608357.900200	6561008.622199
2.120637	8.520411	605085.466800	6562844.117499
2.592630	8.792031	608010.215400	6564057.999899
0.908569	8.957953	599295.777900	6564195.258399
2.831731	9.350183	607373.812800	6566851.139299
2.149569	9.127402	606272.889400	6566721.217499
2.255686	8.884129	605970.057500	6564254.177799
1.690627	8.907244	603712.331000	6565605.973599
1.401321	8.466771	601246.904500	6562601.951399
1.535043	9.362599	602591.018900	6567415.491899
1.044296	10.366685	599362.641500	6570682.684099
1.907436	10.216857	604044.418500	6571047.785899
2.278905	10.289073	606040.562200	6571914.861299
2.445233	9.974795	605884.657500	6570704.530599
4.137041	10.302338	615254.500800	6570086.042199
3.612105	9.947770	610456.662600	6569565.577199
4.144624	9.212901	616162.786700	6562816.775599
3.922661	9.485108	612009.272100	6563762.114299
4.292126	9.607480	617202.648300	6566421.121699
4.559676	9.759043	617835.701100	6568074.837599
4.629943	10.017096	619117.364000	6568253.747399
5.016281	9.753777	620349.375800	6567034.479499
4.739803	10.258362	618920.773400	6570120.953499
3.780632	8.887597	612141.057400	6559924.806999
5.034281	8.845935	621102.667200	6560186.286499
5.098079	9.072549	621469.602500	6561223.765899
5.309917	9.481316	622803.965600	6564944.991499
5.809860	9.278980	625572.988300	6563007.981999
4.133329	10.711540	614208.184500	6572160.634799
2.545557	12.457781	605173.983300	6581667.515399
4.416827	12.255491	614158.533300	6581615.050599
5.624967	10.538034	627983.406100	6574918.627899
5.602059	11.078151	624712.469800	6574345.164199
4.961225	11.452139	617403.533000	6574917.210699
3.340650	13.550228	608046.139700	6586594.900299
1.299428	14.802176	597785.388400	6594923.888999
1.670469	13.644146	599246.130600	6588000.688999
3.834178	14.216630	610523.900000	6592077.882199
4.061854	13.989798	611224.900700	6590777.925199
4.614978	13.424276	615850.977300	6587555.981899
4.911533	12.677046	616080.592000	6583570.390699
5.085070	12.863557	617381.889100	6585761.256699
5.712467	12.096694	620996.496400	6580273.806199
5.674155	11.737759	622325.269200	6578793.550599
5.173121	11.686359	618722.968000	6576798.387799
5.569861	12.234385	619873.673500	6580747.958399
5.818449	12.674278	620839.801200	6584435.434599
5.662419	11.378557	623227.821300	6576800.042799
6.348474	11.669148	624902.629700	6577913.002999
5.449922	11.452719	622019.145600	6577173.419799
1.091167	14.460063	596729.638400	6593237.237699
5.172159	15.903176	617897.423800	6601754.902899
5.976789	16.240666	623438.673400	6603002.304599
4.422637	15.571453	606902.970000	6600704.511199
5.323947	15.081870	619800.200100	6597584.991399
5.910247	14.698181	621518.992500	6594701.617099
6.446835	14.922799	623782.692000	6596184.658699
5.828465	13.646057	621404.720500	6589103.309299
6.147348	14.126452	623151.689500	6591806.455699
7.011454	14.582532	627295.908800	6594304.299199
7.401184	14.325829	629729.053500	6593162.662199
7.356421	13.942136	629800.978100	6590771.062499
6.452466	14.215830	624683.925500	6591775.009899
8.135480	13.807279	634427.046300	6590412.489799
7.168091	13.057203	629040.004712	6586299.976746
7.109106	13.841537	628663.837500	6590260.005999
6.809618	15.943926	626410.463200	6602314.138899
9.065303	15.850998	639588.056900	6600861.013699
7.393573	15.261518	628354.633900	6598492.338199
8.557878	15.086704	636423.780300	6597480.553499
8.014872	14.285104	632734.834100	6594681.429799
9.019913	14.474863	639591.035900	6593550.371299
9.516597	14.969768	643087.142400	6596500.645599
9.934815	13.462572	643954.052300	6589307.014099
11.479283	14.376487	652592.568900	6594416.612499
8.234921	13.042016	635090.651300	6586392.323399
8.312663	12.661559	635575.578000	6584295.718799
7.198845	12.753502	629503.070900	6585182.985499
6.308747	12.142084	626158.577900	6581641.060099
7.078805	11.886661	628183.507500	6577722.562099
8.006609	12.253121	633678.084200	6581485.704199
9.337407	11.623164	641693.874700	6578973.048399
10.150344	12.892513	645848.576600	6586811.048599
10.976802	13.574784	650066.776900	6590135.692799
10.821620	13.519565	649240.084500	6589822.393799
11.408566	13.400881	652714.675400	6588574.824699
11.676257	13.620212	653737.821100	6590515.524499
12.418576	14.643512	657949.502700	6597171.662999
12.543974	13.775877	659041.396600	6591902.282499
12.970728	14.331019	661023.903600	6595498.330799
11.425717	14.115001	652468.954300	6592670.417799
14.899160	12.663270	672921.977100	6586170.384199
14.344178	12.524777	669885.053100	6585360.074899
14.700054	13.498793	671003.529000	6590641.804099
15.813038	13.164882	677302.884700	6589642.144599
16.007388	13.606666	678782.666300	6591718.101899
16.351712	13.706425	680416.899000	6593098.053599
14.909569	12.539004	673079.611200	6585564.472499
16.220600	11.975532	681776.018700	6583971.992699
17.569150	13.599903	687164.663300	6593445.772799
17.554044	13.182749	687694.938100	6590300.203799
18.034547	12.736303	690896.447400	6587878.549299
17.972387	12.116767	690617.897600	6584223.398099
18.376530	12.522896	692362.083200	6586425.322899
18.515798	12.279957	693788.126300	6585104.691099
18.637915	12.079425	694653.551200	6584486.021399
17.042678	11.520747	685371.427500	6580172.683299
16.574030	10.903836	684312.499700	6576067.017299
25.011524	12.602385	731360.023100	6588345.932499
24.692918	12.380214	728751.018100	6585870.985699
24.014361	12.656047	723656.143000	6588279.234499
24.369228	13.021801	726030.112300	6590163.140099
24.248528	12.250122	724514.943300	6584357.120799
22.887977	10.274459	721748.496300	6570594.923799
19.020182	10.615925	700236.952700	6575686.325899
20.810541	6.137789	714737.000000	6546534.999999
15.658259	6.159827	685469.571400	6544022.803799
13.855065	4.997497	676104.858700	6538262.933699
14.046060	6.781571	677229.954900	6548410.149199
16.698009	7.741856	689099.638400	6556195.105999
17.354827	9.358975	691542.078500	6565726.997699
17.289286	9.813070	690895.501400	6569074.562399
18.513554	9.956003	699315.596300	6571605.275299
17.905784	10.303583	691951.535400	6571150.894899
17.865541	10.536804	692706.233600	6573786.380499
18.020539	10.086857	697107.646900	6570474.148999
17.568314	10.728732	690001.070800	6574595.860599
17.048114	10.063477	689907.064500	6571413.880699
22.428487	12.732752	713919.046500	6586902.077299
23.132973	12.396780	718442.932700	6586747.991299
21.954676	13.042404	711676.056100	6590812.095799
21.751114	13.140893	710725.595000	6591460.503899
25.792172	13.127533	734891.878300	6590098.454399
26.084134	12.920876	736736.110000	6589277.134499
20.564626	12.622064	704168.212900	6589744.606899
19.840838	12.911725	700445.531500	6590834.616199
20.532592	12.965933	703264.561100	6591473.130599
18.577901	13.569309	692951.179500	6593880.386299
14.295459	11.496910	670232.942500	6580480.023899
14.830895	11.786502	671473.730300	6581435.225399
13.328599	8.913351	662959.538300	6563589.182799
13.703209	8.459420	666119.009600	6559011.507699
11.091177	12.185857	652057.128000	6582575.139299
9.699879	11.990739	642938.023300	6581069.714899
9.028189	11.277339	639816.783400	6576625.601599
11.011934	11.156910	649655.492900	6577920.319899
9.811626	10.099957	644402.733600	6570225.396499
9.479760	10.082535	641303.174800	6570444.027299
9.265177	9.968190	641141.940200	6569874.866899
8.638915	11.000796	638493.604800	6575267.150299
9.922606	9.463756	645545.373200	6567486.801899
10.099863	9.316161	646056.118600	6566016.298899
10.696036	8.809312	648649.791800	6562096.898499
8.724268	6.949620	642559.195700	6553052.485799
8.242409	7.635025	636212.423700	6554556.599199
8.951632	7.245188	645110.977800	6553846.273399
9.036881	6.704669	644035.225100	6550456.970499
10.837144	6.697945	655481.074700	6544885.079299
9.181522	6.856868	644980.992600	6550218.808799
12.250945	5.876321	664978.894200	6542149.087899
9.896809	8.446662	650868.643800	6555465.750099
9.828065	7.913886	654990.322400	6558709.403699
9.761862	7.075417	648013.368800	6550220.928499
10.139937	6.433240	650528.036700	6542484.940499
10.127987	7.680108	652185.440700	6550891.547699
8.848234	12.292975	638464.499900	6582825.814099
9.007025	12.361091	639482.961800	6582662.359899
7.977017	10.493581	634771.222500	6572177.842499
7.819688	9.784610	633802.037100	6568831.521899
6.267037	10.338210	626412.780200	6570143.472099
7.232685	8.573227	633266.761400	6560923.845199
6.033016	8.030096	627714.965700	6558650.212499
7.669166	3.863218	637382.716100	6533858.044799
7.447064	3.951811	635964.178600	6534913.596599
7.443646	4.353395	636810.899800	6537419.028799
8.098093	4.257136	640255.369000	6539227.656499
7.115887	4.924339	633488.572600	6541298.442499
4.836917	6.215569	621216.451200	6549553.285299
4.221836	6.130736	617998.118100	6549793.723899
4.598345	5.559807	620483.484600	6546189.835499
4.730456	5.106747	621364.246300	6542995.189499
5.784729	5.067768	626703.074300	6542024.011899
6.054534	6.857083	629922.357300	6551303.486799
6.816705	6.291045	631180.250800	6548885.145699
7.630366	6.822277	635127.293900	6552335.835299
6.148072	7.629635	628213.960200	6555063.409899
5.070308	7.754924	621812.265600	6557469.506999
5.024367	8.042831	619981.625900	6557255.013799
5.616709	7.743735	625722.224100	6553361.030599
5.428281	7.322348	625785.422200	6550803.472199
7.555794	7.231718	633713.680100	6555410.006199
6.115432	8.722920	628723.212200	6560595.354599
8.224415	6.707290	638432.783400	6551807.705799
7.499169	6.509713	634816.519600	6548902.991899
7.836634	6.209167	637224.990800	6547497.725699
7.949387	6.191014	637871.262700	6547341.225699
10.965571	11.605598	649811.238800	6579335.067499
9.402381	2.529924	646810.630500	6526975.098799
4.617385	3.661319	620027.485200	6535748.962799
4.988873	3.540574	622509.374300	6535283.640899
